4 5
8 4
2 7
5 9
7 3
5 9
7 7
6 3
10 2
2 1
2 1
6 6
6 8
8 7
8 7
1 7
1 9
2 8
10 9
5 4
10 2
4 2
1 7
3 2
9 4
5 9
8 5
6 6
8 6
8 9
8 10
4 9
6 8
3 2
1 8
9 3
4 6
2 4
10 6
10 10
7 2
1 7
10 10
10 10
10 4
5 7
2 2
3 10
6 10
8 1
8 7
1 1
8 5
2 10
5 5
8 7
1 9
5 6
5 2
5 4
8 2
5 2
4 6
3 7
4 10
2 5
9 4
1 3
10 6
6 7
9 1
4 3
7 5
7 3
4 6
7 8
3 1
10 2
5 6
10 4
8 10
9 6
9 1
9 7
9 4
7 5
4 7
7 5
2 3
3 7
3 8
8 6
1 1
2 5
10 1
4 3
7 8
7 10
5 2
7 2
95 96
6 45
39 64
47 16
51 87
76 98
61 36
5 86
55 83
100 31
40 49
96 3
49 11
89 11
82 85
27 72
25 20
40 43
19 40
70 28
88 33
35 90
40 13
13 40
8 97
55 7
26 60
45 31
5 97
29 59
70 95
63 78
19 7
37 27
60 2
44 99
62 45
27 24
1 44
7 28
89 57
71 67
23 54
96 96
3 18
94 18
50 49
53 92
6 9
34 44
50 56
83 9
47 54
37 46
15 62
35 67
38 34
31 38
27 50
76 13
19 10
31 61
20 14
14 78
65 85
49 19
51 51
61 23
24 74
39 68
9 20
74 26
24 74
78 63
88 42
56 52
26 29
70 51
45 54
61 100
41 72
44 68
85 84
22 50
94 45
88 14
68 64
95 28
4 52
49 79
54 93
7 56
1 42
98 45
39 3
94 97
72 79
100 81
51 75
62 44
695 271
623 722
728 416
435 740
42 993
101 715
60 138
729 202
935 510
496 754
386 18
359 103
445 845
265 746
790 849
52 950
349 423
5 855
504 274
505 818
249 475
824 604
577 464
973 891
149 800
430 174
818 736
624 555
493 237
304 225
190 921
73 336
107 290
121 985
217 440
122 633
208 415
274 111
425 549
292 666
870 763
961 439
731 677
634 315
82 622
600 808
557 594
205 368
555 369
146 51
779 196
260 697
692 816
371 190
886 324
381 771
104 192
189 806
802 172
689 817
597 907
363 530
964 830
150 395
722 622
503 2
305 122
484 828
738 667
839 866
436 286
848 373
809 256
129 467
270 100
691 422
903 900
763 243
350 821
150 979
886 224
80 26
36 871
636 112
802 248
99 995
445 190
897 995
66 160
173 53
642 812
556 240
144 872
16 295
368 700
286 827
744 120
185 939
229 918
215 38
